1
0
0
0
1
0
0
0
1
0
0
0
20
0
0
0
3
0
0
18
5
1
0
0
0
2
0
0
15
0
14
5
0
5
0
0
27
2
0
0
13
0
1
0
0
0
34
14
1
0
0
0
72
0
0
42
3
0
0
10
0
0
12
14
36
0
14
0
2
0
0
124
30
0
12
5
0
0
18
0
10
0
83
0
6
0
1
0
0
0
75
99
0
42
0
0
76
4
0
0
17
0
1
0
0
0
234
15
10
0
11
0
0
4
0
30
0
0
73
109
18
0
3
0
13
0
5
0
15
0
8
1
0
0
0
91
0
53
0
0
12
0
0
8
0
0
1
0
0
0
343
0
1
0
0
0
243
0
0
133
0
0
16
82
21
0
0
0
77
16
0
0
77
0
1
0
0
0
55
5
0
0
11
0
8
2
0
0
68
0
1
0
0
0
54
289
0
202
56
0
8
5
0
78
0
0
185
39
0
0
16
0
0
0
7
0
96
0
5
24
0
0
2
0
0
426
113
0
16
85
1
0
0
0
64
0
0
0
146
0
0
0
131
0
14
4
0
1
0
0
0
150
57
0
0
0
20
0
0
0
9
0
0
0
1
0
0
0
382
0
0
0
181
0
0
414
0
0
2
0
0
72
4
0
113
0
32
0
295
0
44
231
0
0
190
120
51
0
0
26
1
0
0
0
138
54
1
0
0
0
173
345
1
0
0
0
115
7
1
0
0
0
121
14
0
0
113
396
1
0
0
0
12
29
8
1
0
0
0
61
1
0
0
0
518
0
1
0
0
0
248
0
0
0
6
0
419
0
394
0
0
0
393
0
0
0
1
0
0
0
45
0
0
0
144
0
146
6
0
7
0
0
156
20
21
0
170
0
13
4
0
0
3
0
1
0
0
0
4
0
1
0
0
0
1275
0
0
24
0
0
2
0
0
232
0
34
0
0
1
0
0
0
59
0
0
0
2
0
0
112
2
0
0
1
0
0
0
468
1
0
0
0
959
85
1
0
0
0
593
28
1
0
0
0
751
0
0
52
16
56
42
5
0
0
166
290
1
0
0
0
20
382
1
0
0
0
45
0
1
0
0
0
140
5
0
0
4
0
1
0
0
0
492
283
1
0
0
0
457
0
0
356
0
614
0
8
0
0
16
5
0
1
0
0
0
331
0
22
0
0
1
0
0
0
230
36
1
0
0
0
377
1207
94
0
0
0
187
0
160
23
0
0
2
0
0
589
54
0
1
0
0
0
20
0
64
0
0
0
254
0
0
250
10
0
0
0
3
0
0
160
1
0
0
0
1337
8
1
0
0
0
1141
204
1
0
0
0
478
0
0
0
277
0
81
0
14
0
102
0
186
0
0
0
36
0
1
0
0
0
257
0
0
224
0
0
8
201
0
0
42
164
0
246
943
1
0
0
0
63
0
0
35
0
0
0
105
2
0
0
759
339
0
313
8
122
0
0
15
83
0
451
0
0
403
0
96
0
0
0
1
0
0
0
473
282
14
0
163
0
0
6
0
44
0
0
800
111
0
0
13
5
0
13
0
0
26
7
1
0
0
0
2
0
0
1921
53
0
50
0
0
428
0
0
174
0
0
0
596
48
0
15
0
0
52
0
1
0
0
0
101
12
21
0
14
0
1
0
0
0
379
1397
1
0
0
0
1314
148
0
405
524
0
10
1
0
0
0
113
0
3
0
0
2
0
0
6
0
0
928
0
562
0
0
0
1
0
0
0
65
0
2
0
0
47
0
0
10
316
0
0
856
0
0
1290
0
0
0
628
1
0
0
0
124
0
0
0
84
3
0
1
0
0
0
1455
385
0
54
0
205
26
0
0
28
0
1
0
0
0
705
47
0
5
0
0
453
0
1129
0
217
0
51
0
0
0
6
0
1
0
0
0
92
0
0
0
9
0
18
0
1131
0
0
0
1212
0
0
0
203
0
30
0
1
0
0
0
5
5
0
0
1
0
0
0
298
0
1319
2
0
0
143
0
1
0
0
0
699
0
650
0
165
0
0
0
244
0
0
0
141
18
0
0
65
0
1
0
0
0
1253
0
24
0
0
0
16
0
0
1705
617
0
68
0
436
0
0
0
57
0
4
0
0
324
0
0
11
0
132
0
1
0
0
0
566
1956
0
0
110
0
1179
142
0
0
120
11
1
0
0
0
6
479
0
997
165
0
2
0
0
19
49
0
1
0
0
0
6
92
0
2239
0
0
28
0
13
1
0
0
0
192
0
0
25
0
61
0
1
0
0
0
1827
0
0
0
14
0
0
0
1251
0
9
2
0
0
2
0
0
434
0
0
19
1160
23
16
0
0
23
0
25
0
0
0
5
0
16
3
0
0
1
0
0
0
448
36
0
6
0
0
194
0
329
1
0
0
0
3066
369
420
0
0
1
0
0
0
1057
0
1170
0
306
0
505
0
346
6
0
0
34
45
0
0
6
0
9
2
0
0
30
0
1
0
0
0
25
556
156
1777
3
0
525
0
0
628
0
0
0
17
0
0
20
295
14
391
1
0
0
0
1544
0
0
0
2
0
0
593
0
105
0
1
0
0
0
312
452
0
0
0
406
1080
1
0
0
0
168
0
0
132
0
0
2
0
0
320
473
0
21
5
0
0
6
0
7
1
0
0
0
2111
88
0
0
0
62
3
0
0
1300
494
1
0
0
0
768
0
602
0
326
0
0
0
1
0
0
0
1450
5
0
0
9
0
2835
0
3
0
0
117
1
0
0
0
1581
234
0
0
123
0
1
0
0
0
965
49
1
0
0
0
147
0
0
0
68
0
9
26
0
9
0
0
1
0
0
0
425
0
1
0
0
0
2241
0
1312
0
0
0
237
340
28
0
5
0
2
0
0
205
0
180
42
0
0
0
21
3
0
0
2
0
0
2095
611
0
261
0
1
0
0
0
340
0
36
1
0
0
0
1689
373
0
0
0
1507
8
0
0
3
0
14
0
3
0
0
41
29
0
0
0
263
3368
1
0
0
0
1766
0
0
5
0
0
237
0
2
0
0
251
493
0
47
16
0
0
1
0
0
0
212
126
1
0
0
0
1
0
0
0
1632
0
1
0
0
0
3324
0
0
0
1741
0
72
0
4
0
3
0
0
2502
0
0
177
0
0
2
0
0
24
54
0
17
0
0
344
0
282
62
3
0
2
0
0
55
0
1862
206
0
6
0
0
4
0
1
0
0
0
148
1
0
0
0
2
0
0
20
17
0
0
46
1
0
0
0
380
0
0
0
2714
174
0
37
3
0
8
0
1
0
0
0
1
0
0
0
1837
14
0
0
185
0
61
0
1
0
0
0
2
0
0
213
799
0
0
0
6
0
0
679
3706
0
0
0
69
755
0
0
4
0
2
0
0
138
61
0
0
1586
0
0
1663
0
0
0
1789
0
4
0
39
0
19
0
4
0
331
0
1527
0
1
0
0
0
55
736
44
0
0
0
53
0
0
61
4
0
361
0
1
0
0
0
143
0
275
6
0
0
328
0
0
0
1701
0
1887
0
0
0
528
0
0
233
12
0
0
2
0
0
31
0
1
0
0
0
14
104
0
452
3
0
0
473
1
0
0
0
817
499
0
0
296
32
7
0
5
0
0
1715
971
1
0
0
0
278
0
0
776
0
0
2446
0
0
2702
0
5
328
28
0
0
1925
0
0
160
0
1295
485
1
0
0
0
1
0
0
0
63
0
0
0
1407
0
204
111
1
0
0
0
25
639
0
0
919
0
0
0
3
0
0
570
1
0
0
0
23
0
1829
0
29
0
538
0
0
598
242
0
89
0
0
6
0
0
1780
0
0
0
1985
0
1
0
0
0
7595
0
0
0
19
44
0
1
0
0
0
25
1
0
0
0
411
0
0
0
87
0
4
0
1
0
0
0
1
0
0
0
1105
0
0
4
0
0
70
0
55
0
0
0
49
0
1
0
0
0
31
0
1
0
0
0
154
0
0
0
698
0
0
24
3
0
2
0
0
27
0
0
1
0
0
0
6265
385
0
0
333
0
11
3
0
319
72
0
0
188
5
0
0
936
8
0
1
0
0
0
1
0
0
0
3103
0
1
0
0
0
806
0
0
5496
132
0
0
0
10
0
571
8
0
4
0
0
37
0
4418
0
0
0
550
0
0
0
164
413
0
4
0
0
166
0
1
0
0
0
208
0
3
0
1
0
0
0
38
0
0
0
2485
0
0
801
504
163
0
471
22
0
3
0
46
0
1
0
0
0
2542
1123
0
0
2610
0
12
0
8
0
1
0
0
0
2991
513
1657
0
3
0
11
0
1
0
0
0
48
0
0
0
298
0
128
3
0
0
138
0
58
1
0
0
0
77
0
33
0
0
1
0
0
0
2667
0
523
0
0
0
2315
3
0
0
2547
0
6
0
9
1
0
0
0
820
0
5670
35
0
2171
3
0
0
262
0
739
1
0
0
0
910
0
0
1191
790
0
0
1
0
0
0
327
0
0
0
613
0
0
3
0
0
60
243
1
0
0
0
150
0
0
0
68
0
0
632
1
0
0
0
228
0
0
0
2828
0
0
1847
1
0
0
0
8
0
981
0
1
0
0
0
2589
0
33
0
0
0
17
0
198
0
0
0
11
0
0
0
4
58
0
0
245
0
3168
0
8
8
0
0
4
0
6
0
2
0
0
10
1
0
0
0
1
0
0
0
10106
0
0
0
1481
0
13
0
1
0
0
0
891
0
0
144
1003
0
1
0
0
0
148
0
77
0
0
0
11
6
0
14
0
0
4
0
1193
567
0
126
38
0
0
0
1427
0
0
21
0
0
851
2746
1
0
0
0
120
0
0
0
54
0
1799
869
8
0
3343
0
1
0
0
0
175
84
1
0
0
0
986
0
1
0
0
0
1
0
0
0
312
38
17
1
0
0
0
82
7
0
776
0
1115
0
0
0
585
0
0
0
713
0
1118
0
1
0
0
0
1759
0
0
0
2513
0
0
462
1
0
0
0
650
0
0
0
109
0
714
0
280
0
13
30
0
0
4
0
4212
0
113
0
12
0
1
0
0
0
444
57
138
0
0
0
1621
0
0
7447
16
0
4
0
157
14
0
0
1
0
0
0
1352
6
1
0
0
0
710
0
16
0
5
0
0
14
430
1448
4614
0
1
0
0
0
5261
0
1
0
0
0
382
0
0
64
1
0
0
0
2446
0
0
0
4173
0
0
0
248
0
0
418
0
0
587
3
0
1
0
0
0
4
0
0
759
0
651
0
292
0
4675
0
80
25
0
0
9
0
0
0
3
0
579
0
1082
0
0
0
2141
0
0
381
14
0
0
1071
67
0
246
8
0
3
0
0
199
471
0
26
12
0
1
0
0
0
821
45
25
0
0
0
4
0
1
0
0
0
4682
0
48
0
899
0
1
0
0
0
20
0
0
1179
1
0
0
0
76
0
0
0
318
0
0
0
5
0
6070
3725
97
0
0
420
1
0
0
0
312
52
0
0
34
0
74
466
1
0
0
0
1
0
0
0
448
0
90
0
0
0
5570
0
2846
0
0
0
218
0
0
0
513
0
1
0
0
0
1272
28
0
41
0
0
30
0
0
6
1
0
0
0
2231
0
0
0
921
0
0
0
5337
0
0
0
28
0
159
3
0
394
52
0
0
1422
4266
0
29
140
0
1
0
0
0
96
1
0
0
0
576
0
0
0
1336
0
6260
118
0
3
0
0
1
0
0
0
290
154
0
82
0
0
2300
0
126
0
0
0
87
1689
106
0
4
0
0
5
0
0
771
0
369
800
0
0
205
0
1345
0
2243
0
6
0
1
0
0
0
2
0
0
1748
16
0
32
0
0
0
684
0
6
1
0
0
0
391
0
55
3
0
17
0
5
0
333
0
249
0
0
0
384
0
1
0
0
0
5397
0
0
6
0
0
1
0
0
0
2152
294
695
26
0
0
1490
0
17
3
0
0
1179
3297
0
3092
0
0
0
1
0
0
0
668
0
1589
0
0
149
3
0
0
7
0
0
1066
1367
0
0
1530
2
0
0
46
5
9
0
0
1
0
0
0
39
0
0
0
50
0
5
0
2
0
0
5
0
0
3309
1413
1
0
0
0
231
1558
0
3
0
0
1152
4149
1
0
0
0
536
0
0
0
1038
0
21
0
3925
0
0
6
0
1
0
0
0
1722
0
0
158
0
1480
0
11
0
13
0
1
0
0
0
141
0
7
0
24
0
0
13
1
0
0
0
54
0
13
0
236
4680
0
0
1448
0
0
79
3
0
17
0
0
31
2
0
0
1435
0
11459
1
0
0
0
1
0
0
0
3556
3
0
0
5
0
0
727
60
0
250
0
79
0
0
0
61
0
1
0
0
0
371
0
52
873
0
0
16
641
127
0
2876
0
12
0
0
21
0
0
267
0
0
0
159
0
1
0
0
0
709
668
1
0
0
0
4441
5749
0
0
220
1334
0
18
1
0
0
0
1
0
0
0
4112
20
0
0
35
0
24
6
0
0
5961
0
1
0
0
0
8165
0
0
1158
18
0
7
0
54
8
0
0
134
0
0
0
83
0
0
0
6
0
0
391
5
75
0
0
2
0
0
296
1
0
0
0
4598
0
0
0
717
0
0
0
3056
0
0
92
671
0
53
2079
1
0
0
0
2
0
0
380
258
0
32
3
0
0
733
0
0
5
0
0
584
2892
0
0
17
0
0
114
1
0
0
0
741
0
0
0
475
300
0
154
7
0
17
0
13
0
23
0
1
0
0
0
162
2
0
0
1
0
0
0
1
0
0
0
763
3798
0
23
6
0
16
1005
1
0
0
0
1
0
0
0
12073
4447
0
460
4
0
0
60
5
0
3
0
0
12
0
0
179
0
456
0
1
0
0
0
1
0
0
0
2588
0
0
1403
675
0
0
1183
574
0
0
0
4102
0
0
0
9
0
0
0
3691
0
1759
1526
0
7
0
0
837
798
0
12
5
0
1
0
0
0
34
0
14
0
1
0
0
0
1559
0
754
0
2
0
0
1217
2449
0
1
0
0
0
4637
0
6292
0
406
0
109
0
28
0
0
0
55
0
72
0
14
0
2406
0
1
0
0
0
432
0
0
0
8
728
0
0
861
0
9
79
0
0
3819
0
1
0
0
0
2597
0
0
142
1
0
0
0
494
0
0
0
7
12
0
3
0
0
1
0
0
0
85
277
22
0
0
0
72
0
870
0
25
0
28
0
1
0
0
0
152
0
0
0
9
0
0
0
13903
0
0
6564
220
1
0
0
0
4335
27
0
108
0
7
1
0
0
0
101
14
34
0
0
4
0
1
0
0
0
898
0
0
1435
0
0
1
0
0
0
8470
2372
0
1425
18
0
21
0
39
1
0
0
0
7
10
0
0
5
0
3
0
0
7761
0
1
0
0
0
753
57
0
10
2
0
0
4
0
174
0
0
595
1
0
0
0
4083
22
0
3
0
0
443
1
0
0
0
1766
83
0
5
1
0
0
0
96
0
0
4035
1
0
0
0
57
0
43
0
10
0
0
22
1
0
0
0
103
1528
0
0
170
0
895
152
1
0
0
0
17
1
0
0
0
3183
1274
0
9
5
0
2
0
0
9088
3
0
0
6443
0
26
0
0
0
20
0
18
0
0
1207
0
0
1553
0
0
12
0
339
0
0
13
0
5589
0
1028
0
0
0
2297
24
0
0
16
0
0
1
0
0
0
2966
497
0
0
0
120
24
0
237
0
0
0
374
0
0
674
0
1
0
0
0
903
13
1
0
0
0
27
0
0
3
0
0
1643
581
0
3837
376
0
3857
0
3
0
0
195
1265
234
0
0
51
0
0
11
0
0
62
833
0
8439
0
11
0
945
0
0
555
0
1
0
0
0
1122
9633
117
0
0
0
71
244
0
5
1
0
0
0
1212
0
5093
50
1
0
0
0
595
0
0
0
8057
0
2
0
0
10
3787
0
1
0
0
0
44
25
0
3
0
0
23
0
20
3
0
0
341
309
0
31
18
0
0
53
1
0
0
0
162
0
0
0
8
4
0
3
0
0
1210
1010
1
0
0
0
198
0
3153
0
116
121
1
0
0
0
73
11
3
0
0
1072
0
1115
0
4048
2187
0
1
0
0
0
23
0
354
0
0
0
294
23
0
0
1
0
0
0
108
0
0
0
4701
0
0
0
1724
0
4379
0
1274
587
0
0
2707
2519
0
0
2
0
0
109
1
0
0
0
93
0
0
0
1
0
0
0
75
0
0
42
2
0
0
201
1
0
0
0
577
4753
0
0
6177
0
1
0
0
0
12253
524
1
0
0
0
61
0
14
520
2
0
0
2
0
0
2284
0
1
0
0
0
31
3
0
0
5
0
2
0
0
6885
260
0
1
0
0
0
3717
0
0
0
1
0
0
0
1
0
0
0
1362
9
1
0
0
0
74
91
1
0
0
0
2668
0
0
0
1574
238
2266
2022
0
0
345
94
0
0
3
0
2
0
0
21
3
0
0
1570
0
0
714
0
1
0
0
0
37
0
3187
4963
4696
0
0
0
1584
0
0
0
30
0
62
3891
5
2
0
0
1
0
0
0
35
0
0
0
223
68
0
0
1460
0
1
0
0
0
1367
325
898
0
1
0
0
0
2762
3137
3
0
2
0
0
80
0
1315
0
219
0
0
1021
300
534
1
0
0
0
14611
1
0
0
0
2950
6521
275
0
59
0
1
0
0
0
44
946
1
0
0
0
96
5
0
0
10
0
8
2
0
0
675
0
1
0
0
0
1928
1032
0
2337
261
0
0
0
550
0
0
0
626
0
7210
0
5111
0
0
0
3
0
0
4514
1790
0
0
0
297
0
0
0
9
0
0
0
1
0
0
0
6288
0
0
0
8
17
0
46
0
0
2194
0
4757
0
0
0
15
30
0
0
453
0
1
0
0
0
40
162
1
0
0
0
2121
27
0
0
3
0
24
40
1
0
0
0
2
0
0
216
1107
296
0
0
4413
0
7015
0
4752
0
1
0
0
0
4420
0
14
849
0
63
0
0
1607
0
733
0
0
0
86
0
0
0
3
0
108
0
1
0
0
0
3199
0
0
0
10
0
0
0
21
0
74
1479
937
0
0
0
87
1531
0
64
3
0
1
0
0
0
9
0
1
0
0
0
4457
4187
3
0
1
0
0
0
803
0
0
0
5505
2
0
0
1478
810
1224
0
69
0
842
114
0
1
0
0
0
2918
0
186
0
0
0
1
0
0
0
1926
1
0
0
0
2069
0
40
0
2
0
0
116
15
0
0
0
4
0
9
0
140
81
9
0
795
0
0
0
80
0
0
0
1809
8859
13049
7
2
0
0
18
0
0
4597
0
1
0
0
0
1547
33
13
0
0
0
39
70
1
0
0
0
2
0
0
32
35
12
0
0
1
0
0
0
8827
0
0
0
790
122
1069
0
872
0
0
0
648
0
5198
495
0
1
0
0
0
8956
333
0
3
0
11
0
1
0
0
0
2719
0
0
275
82
5
0
0
1
0
0
0
86
0
0
0
18
1236
0
30
0
0
1
0
0
0
60
3120
1
0
0
0
40
0
3
0
1
0
0
0
1
0
0
0
86
375
0
32
0
0
95
0
0
0
100
0
1
0
0
0
551
0
5715
1996
3
0
0
3451
1
0
0
0
1089
0
0
0
15269
0
3
0
66
0
10
0
1
0
0
0
536
2
0
0
375
0
312
1
0
0
0
5786
1
0
0
0
24
16
0
39
0
0
1
0
0
0
119
0
31
0
0
0
40
4968
1609
0
0
0
765
7322
1
0
0
0
15636
0
192
0
12
0
0
2
0
0
17
0
1
0
0
0
966
67
0
2
0
0
38
0
706
0
5364
0
1
0
0
0
1782
3
0
0
2
0
0
86
1
0
0
0
236
108
1614
0
51
0
1
0
0
0
1744
61
0
0
1
0
0
0
4564
10
0
0
73
2
0
0
83
0
1
0
0
0
9354
37
0
0
1
0
0
0
48
0
0
0
6250
8295
1025
0
24
0
233
0
7
0
0
1789
9
0
0
0
1
0
0
0
20
0
0
3711
0
0
51
0
16
1
0
0
0
764
0
3
0
0
1791
0
2821
0
0
0
381
2
0
0
7334
2465
0
0
3700
0
9
0
1
0
0
0
35
576
0
0
6158
0
0
56
1
0
0
0
495
0
4
0
0
1142
0
1
0
0
0
388
1
0
0
0
6475
2
0
0
2
0
0
4906
1367
0
0
0
226
0
0
0
12
0
0
0
11052
0
7
3
0
0
79
0
1
0
0
0
10489
0
0
0
20
0
5601
2
0
0
5
0
0
134
61
0
18
0
1
0
0
0
2176
0
1
0
0
0
811
63
0
0
39
0
6
0
1
0
0
0
2
0
0
181
6
2930
997
17
0
0
313
0
409
0
0
0
534
2
0
0
2
0
0
87
0
0
16
0
272
463
0
0
34
9317
0
6
1
0
0
0
2129
0
0
0
2203
0
0
0
5607
3
0
0
1
0
0
0
6550
435
0
0
5
0
2084
0
2402
0
0
1
0
0
0
8684
1
0
0
0
352
0
0
0
30
0
2
0
0
22899
0
5126
0
197
0
0
174
94
109
0
238
0
2
0
0
224
0
0
13
8
1
0
0
0
7
0
991
0
32
0
163
4044
0
0
4232
0
5
0
2
0
0
4
0
3929
0
0
7149
0
0
0
1335
0
0
238
8
0
6
0
1
0
0
0
213
12508
46
1
0
0
0
5441
15
0
39
0
1
0
0
0
1949
670
0
0
3931
0
0
1212
20
0
0
0
10
1
0
0
0
37
0
0
17
0
0
0
121
0
0
0
2
0
0
13794
680
0
0
5
0
0
15
0
5531
4
0
0
4
0
1
0
0
0
1484
6182
5
0
0
21
1
0
0
0
4265
1846
0
0
6
0
76
0
19
0
0
0
1052
6
0
4
0
6413
0
417
0
0
4194
0
4507
0
0
0
3811
0
1573
1775
1
0
0
0
265
0
0
0
48
0
0
89
6
27
0
139
0
0
1140
0
65
0
0
0
36
1058
0
0
20
0
2137
0
1
0
0
0
29
0
0
0
3438
0
0
581
0
0
358
0
26
0
0
0
6
0
2333
2382
8
1292
0
249
0
0
6
0
3
0
5
0
0
949
22
1188
323
0
0
0
1266
0
1180
0
1
0
0
0
4324
0
0
0
46
0
1453
1205
0
0
0
62
2
0
0
3019
6
3167
1636
0
1
0
0
0
13544
223
0
0
19
0
0
7
2
0
0
1
0
0
0
3462
397
0
0
0
528
0
3
0
40
0
13513
0
1
0
0
0
649
0
0
0
6
4
0
0
1564
0
0
3942
1
0
0
0
20
0
0
16
1008
0
0
720
0
0
297
0
3884
0
0
0
151
8174
127
0
217
0
2
0
0
33
1676
0
1
0
0
0
382
0
0
0
1
0
0
0
81
0
0
0
11706
55
0
228
35
0
0
738
1
0
0
0
1047
0
0
0
10860
41
0
0
49
0
31
2
0
0
81
0
962
1536
0
0
1472
0
1
0
0
0
340
0
1639
0
0
0
11
0
0
0
764
0
0
2
0
0
1376
0
0
0
207
0
1221
4
0
1
0
0
0
2673
19244
0
0
0
3205
4846
0
0
438
0
0
226
1
0
0
0
1
0
0
0
93
3469
0
361
48
0
0
1
0
0
0
323
1
0
0
0
1079
0
0
6
0
0
41
0
17
1
0
0
0
1422
0
0
76
0
29
0
4068
0
48
0
31
0
0
0
5955
0
0
1978
0
0
60
18880
2321
0
0
0
271
0
0
0
14
0
0
78
27
0
33
162
1
0
0
0
55
2932
0
0
5049
0
1
0
0
0
4566
1683
1
0
0
0
1894
0
47
0
150
0
19
899
1
0
0
0
1
0
0
0
408
177
98
0
0
0
1698
0
1
0
0
0
2814
1953
0
0
3516
0
0
1806
6287
0
0
0
1
0
0
0
5447
17
5
0
1
0
0
0
494
0
0
0
1297
4
0
0
597
11235
2010
1
0
0
0
24
0
0
3
0
2
0
0
9084
0
0
1
0
0
0
1586
0
1
0
0
0
2835
6457
3
0
1
0
0
0
3052
0
77
0
60
0
0
0
5
19
0
0
33
0
4072
3
0
0
5
0
0
1669
1
0
0
0
1
0
0
0
9509
0
1
0
0
0
2270
0
286
1
0
0
0
1133
8
0
278
0
14
0
0
2280
647
35
0
1
0
0
0
327
26
0
0
0
2
0
0
7020
6690
0
726
0
1
0
0
0
120
0
0
0
92
0
0
0
1930
0
766
4
0
403
0
0
1
0
0
0
1792
0
0
0
43
0
0
0
59
114
0
0
6
0
28
0
3
0
5048
0
11
0
13
0
1
0
0
0
7642
11722
0
121
88
0
1397
0
360
0
0
0
4620
0
0
0
26
15
0
486
0
0
210
0
65
14
0
0
49
2
0
0
5723
7660
0
2257
0
0
13
0
1
0
0
0
3369
0
0
42
0
0
27
24627
1
0
0
0
70
0
0
188
118
631
41
7
0
0
4
0
7
0
1609
0
3952
0
15
0
5
0
0
210
0
0
0
86
21
0
1
0
0
0
72
0
96
0
11267
21
1
0
0
0
29
0
0
0
8
2061
1681
0
1176
0
0
0
1
0
0
0
4222
0
0
5
0
0
1
0
0
0
1697
0
285
0
0
0
8758
548
0
0
79
0
516
2
0
0
248
0
2
0
0
16
5
8
0
0
7
0
0
4787
1
0
0
0
9
99
0
144
9
0
0
0
8
0
5978
0
1
0
0
0
301
0
0
0
5
0
2709
344
24
0
0
4329
0
144
0
0
108
0
0
0
1
0
0
0
13578
0
0
0
11
0
0
0
10
0
0
0
3
0
0
22
1
0
0
0
35196
0
0
0
3
0
13948
0
1
0
0
0
5378
0
0
0
1456
936
1
0
0
0
1535
0
6004
0
0
0
4
0
1
0
0
0
463
0
0
181
0
0
2635
457
0
0
2
0
0
9
0
0
2415
0
19
5
0
0
1
0
0
0
5143
0
0
0
3
0
0
1394
1
0
0
0
24
31
0
2
0
0
2066
0
5749
0
0
0
15940
0
0
0
9
0
0
0
45
0
484
3658
1
0
0
0
1345
0
0
656
9
0
1
0
0
0
117
0
1
0
0
0
7
508
0
8330
1481
0
0
201
3444
0
48
0
28
0
0
0
24153
11
3
0
1
0
0
0
1
0
0
0
6155
57
420
0
0
0
68
45
7
0
18
0
1
0
0
0
158
8
0
2621
927
0
2956
0
3
0
0
5
0
1
0
0
0
14737
0
2
0
0
566
0
1518
0
8856
0
1
0
0
0
31
0
0
7
0
0
1397
3936
1238
8135
0
0
66
43
0
0
25
0
0
52
1
0
0
0
2
0
0
96
2385
0
0
0
3
0
9
0
1
0
0
0
50
0
0
24
6
0
1
0
0
0
8317
15
1
0
0
0
512
6
0
0
22
0
0
2
0
0
73
594
1
0
0
0
7272
0
1
0
0
0
2127
2
0
0
54
0
257
0
0
0
8381
0
109
0
0
0
2436
2
0
0
1
0
0
0
199
0
0
0
2729
443
9
0
10
0
9
0
3
0
0
24
147
1
0
0
0
16534
2444
4518
5993
0
1
0
0
0
255
0
0
0
3
0
0
57
524
1
0
0
0
13207
0
0
605
0
88
24965
2969
0
105
0
75
0
0
0
209
0
0
26
0
0
184
0
3
0
368
0
0
2466
0
33
19
4
0
3
0
0
214
0
0
1
0
0
0
130
0
0
1959
0
2
0
0
153
233
0
489
0
0
12
0
203
0
0
213
0
75
0
3
0
1
0
0
0
2033
0
18
0
1602
4
0
0
1550
73
1855
7481
0
0
1555
0
14
0
7776
0
0
409
0
0
74
3
0
2
0
0
2
0
0
1
0
0
0
103
0
9118
0
0
55
909
0
0
1419
0
0
0
261
0
5361
22
0
19668
0
0
2955
0
14365
52
0
0
22122
0
8024
89
0
0
204
0
0
0
196
2624
0
325
0
0
199
7
1
0
0
0
89
2802
0
0
3115
0
7
762
1
0
0
0
1
0
0
0
226
0
1
0
0
0
53
48
0
4632
1015
0
2
0
0
2331
3
0
1
0
0
0
2636
0
116
2401
0
0
61
0
0
0
24
0
0
1
0
0
0
436
22992
0
0
0
3662
249
0
0
16
0
0
4
0
569
0
0
2
0
0
600
15
359
0
35
0
0
22
441
5
0
1
0
0
0
1080
0
0
0
289
0
1
0
0
0
1
0
0
0
5272
21
0
0
142
0
142
0
1
0
0
0
63
0
0
261
1743
1713
7526
1703
4
0
0
7936
3
0
303
0
2019
2061
5
0
2
0
0
2132
1
0
0
0
32836
0
0
0
62
0
0
34
0
0
1376
0
1
0
0
0
309
0
0
3051
584
0
0
5
0
0
67
0
660
0
0
0
67
257
0
0
814
0
17
2
0
0
159
9
1
0
0
0
7
0
1
0
0
0
40
0
0
2527
0
0
1
0
0
0
895
0
1
0
0
0
18290
12638
46
0
0
0
2
0
0
668
0
0
1
0
0
0
17
14027
1
0
0
0
14
115
34
9
0
0
89
0
21
5
0
0
16
15
0
0
373
3149
0
16181
1
0
0
0
7490
173
0
0
10
8
1
0
0
0
4
0
1864
0
0
1317
1
0
0
0
17457
0
1
0
0
0
641
2202
0
0
11716
0
817
1092
0
0
191
0
0
0
297
0
321
0
1
0
0
0
18
0
0
128
3
0
188
46
1
0
0
0
136
59
0
0
4
0
1
0
0
0
123
87
1
0
0
0
1
0
0
0
22447
0
0
5
0
0
67
15
1
0
0
0
9
185
15
0
4
0
0
440
1
0
0
0
1
0
0
0
137
33742
0
68
0
0
18
0
0
30
4
0
0
11
0
0
6
0
44
0
1
0
0
0
2414
1
0
0
0
525
771
0
587
0
0
1614
1
0
0
0
78
0
0
0
3957
0
1
0
0
0
214
6
1
0
0
0
244
96
0
0
316
0
0
5
0
0
47
20
9
0
239
0
10887
0
0
14
3
0
2
0
0
31
0
0
11731
0
0
0
10888
0
7791
0
1
0
0
0
252
0
0
0
2
0
0
22588
274
0
1482
79
0
0
11
0
1
0
0
0
68
1499
1
0
0
0
36
89
0
3
0
0
1
0
0
0
337
5600
0
3136
0
0
82
12
891
1
0
0
0
6577
0
0
26979
0
0
3237
0
0
1268
609
1
0
0
0
2057
0
140
0
0
0
2483
0
1
0
0
0
1
0
0
0
119
10
0
0
12
0
0
5055
1
0
0
0
45
1990
0
0
368
0
1
0
0
0
177
0
1
0
0
0
3
0
134
0
6079
0
19
1
0
0
0
28
2
0
0
12
0
2570
0
94
0
0
21869
0
1
0
0
0
21
12819
0
0
4195
751
3795
1
0
0
0
109
516
0
0
0
22
0
8
0
4
0
132
0
1
0
0
0
1551
0
0
0
1127
2249
5982
0
1
0
0
0
1372
2209
0
0
90
0
1
0
0
0
4630
4
0
0
144
122
43
0
0
0
23262
3
0
0
5733
0
2
0
0
115
0
0
931
0
0
0
8364
511
0
0
58
0
0
37
3
0
1
0
0
0
289
0
321
0
1
0
0
0
79
23749
1
0
0
0
577
0
1
0
0
0
1372
0
6714
117
14
0
4
0
4
0
0
1958
0
0
1
0
0
0
5584
0
0
0
2
0
0
4082
1867
8
0
0
2
0
0
448
85
0
0
0
15691
0
0
0
8
0
0
0
1
0
0
0
240
0
0
93
22
0
368
0
3
0
0
393
0
1
0
0
0
2579
0
6052
241
0
619
0
0
151
0
0
9764
0
0
0
10202
0
0
0
75
0
21
0
1
0
0
0
1
0
0
0
14908
6
0
2
0
0
2704
0
3187
17444
3283
0
0
5
0
1768
0
15730
0
137
1
0
0
0
17
280
0
0
11
0
0
0
147
0
2099
442
0
0
0
390
2
0
0
184
25
0
164
0
299
0
1741
2715
5694
0
0
0
1624
0
5
0
2019
0
0
0
481
0
3
0
0
2912
0
0
1090
2489
2019
206
0
0
2
0
0
9272
0
0
1058
10
0
0
4213
83
57
0
0
0
82
0
1
0
0
0
427
0
0
19
0
0
1
0
0
0
2765
0
4159
0
0
0
5
13536
0
0
1
0
0
0
1703
0
0
0
6
5
0
0
3
0
321
0
0
0
23
1322
1
0
0
0
6
14
0
17
0
0
1
0
0
0
17953
831
1
0
0
0
54
0
1
0
0
0
21841
3353
1
0
0
0
17
0
0
0
18
0
1
0
0
0
191
90
40
37
1
0
0
0
7373
84
0
0
1042
1110
153
0
17
0
680
0
0
0
11
4
0
8
0
0
348
65
1
0
0
0
1690
0
0
0
408
4029
0
80
0
0
6
8
0
0
1559
0
3158
0
15161
20893
4
0
0
20205
1
0
0
0
1
0
0
0
935
472
4492
0
1
0
0
0
2457
9466
4265
2425
1
0
0
0
324
0
0
0
6
0
0
464
0
1
0
0
0
25
5
0
2
0
0
9
0
0
7096
0
6809
0
0
0
601
0
3
0
3
0
0
1769
1
0
0
0
59
0
0
5
0
1934
0
11
0
0
62
8143
2482
0
86
0
2
0
0
76
3
0
12
0
3
0
0
10159
1
0
0
0
4
0
1
0
0
0
407
0
11
1745
0
0
1590
0
0
26825
6
0
1
0
0
0
496
419
1
0
0
0
8
5443
0
10338
61
0
14
0
1
0
0
0
1
0
0
0
17464
0
0
6
0
0
8071
0
186
1
0
0
0
50
0
0
604
0
42
11
1
0
0
0
21
1119
897
0
634
1563
0
6
1
0
0
0
1
0
0
0
1380
8
0
0
5
3
0
0
1
0
0
0
44
0
0
0
14086
0
0
0
15048
0
1
0
0
0
96
354
128
0
0
0
106
0
0
0
1872
0
66
0
0
262
3
0
1
0
0
0
8
0
1
0
0
0
16421
0
14541
0
0
0
5894
4
0
0
448
0
0
17
0
0
275
153
5
3
0
0
1
0
0
0
3198
0
8981
26
0
196
0
0
6786
5
0
0
3
0
1
0
0
0
662
0
2432
0
0
0
7
250
0
3
0
0
1
0
0
0
4051
555
0
730
14
0
0
11
1
0
0
0
10704
0
1
0
0
0
411
0
0
0
7
138
0
5
0
0
336
0
3
0
20
0
0
845
38
0
7592
0
0
66
1
0
0
0
1
0
0
0
1978
4
0
0
1
0
0
0
13951
0
0
0
2
0
0
1128
8
58
232
0
11
0
854
0
1036
164
0
0
0
97
0
0
2338
0
1
0
0
0
1275
0
1
0
0
0
872
50
5
0
3
0
0
5
0
14784
0
0
3786
0
0
0
393
27177
1
0
0
0
3161
119
0
0
52
0
1052
48
23
0
0
0
11
2
0
0
33854
0
1
0
0
0
3390
46960
0
0
90
0
687
0
1
0
0
0
6423
0
23
0
6
0
87
44
4
0
0
1117
1
0
0
0
28
10693
0
1553
0
0
1
0
0
0
19
439
0
693
0
0
533
5
0
0
10
0
0
948
15
0
0
7435
1
0
0
0
32
0
151
839
874
0
7084
0
1905
0
0
0
14
0
0
0
31
0
0
5
0
0
45
0
57
629
0
0
240
7
1
0
0
0
11
0
7015
0
0
0
20993
0
0
0
2275
1203
65
0
19
0
8
0
312
0
0
0
10512
0
1
0
0
0
2046
4606
1
0
0
0
1781
51
2
0
0
7473
0
0
3498
0
12
77
1
0
0
0
136
0
0
0
3157
0
0
0
57
0
0
241
1
0
0
0
92
112
0
0
3
0
1
0
0
0
48
177
1
0
0
0
2532
0
0
3051
1515
0
8185
2063
1
0
0
0
4258
0
3767
3895
0
0
7264
0
0
0
251
0
0
2104
0
0
109
10
0
5
0
0
665
167
11
0
897
0
1
0
0
0
256
0
0
0
4
0
379
0
231
0
0
0
2614
0
0
0
3396
135
0
0
103
0
0
1216
1
0
0
0
141
17
60
0
60
0
1
0
0
0
11801
0
44797
0
0
0
2664
0
1
0
0
0
25082
0
1
0
0
0
4321
0
0
24
10
0
0
0
6
0
0
22036
60
0
0
0
8355
3109
0
673
70
0
0
28
1
0
0
0
1
0
0
0
1675
0
0
344
0
0
152
336
0
0
0
218
2
0
0
107
458
0
0
0
2903
0
5887
0
0
32
0
0
0
3786
25535
0
4253
0
1
0
0
0
19
0
14
0
3
0
0
141
659
0
0
0
22
0
58
0
47
0
1
0
0
0
207
0
0
7
0
0
72
293
1
0
0
0
1092
6010
0
1907
7
0
44
3
0
0
248
0
1813
0
0
0
411
0
10
1
0
0
0
782
1
0
0
0
768
6351
0
0
10
0
1
0
0
0
2629
0
1
0
0
0
7723
0
793
0
8368
0
0
0
1
0
0
0
5533
0
0
1867
5
2
0
0
1
0
0
0
11570
0
0
0
339
398
377
0
273
0
1
0
0
0
219
0
1
0
0
0
83
0
0
0
28
0
960
2
0
0
14652
0
1
0
0
0
175
0
2711
0
1
0
0
0
25210
0
0
0
45348
0
0
39
11
0
1
0
0
0
1794
0
535
0
0
0
3235
27
0
8
1
0
0
0
461
0
4352
0
5
0
15921
10
2
0
0
37
0
0
36
0
47
0
0
0
81
0
0
127
0
0
1
0
0
0
4040
212
1
0
0
0
582
1028
0
4
0
0
678
410
1
0
0
0
874
0
0
0
9
0
0
0
1833
0
3002
1060
0
2
0
0
1527
0
511
0
15
0
7
5
0
0
762
0
1
0
0
0
1582
0
1
0
0
0
4530
0
0
50
0
0
1
0
0
0
16
231
1
0
0
0
820
0
289
1
0
0
0
3473
0
0
8
2972
0
5428
0
0
816
23
1
0
0
0
40
22
0
0
23
0
0
5
0
0
17762
0
3629
0
0
0
10
0
0
0
61
0
2271
4862
1
0
0
0
14
0
1212
0
6044
0
0
0
87
0
13469
804
0
100
0
0
16
8547
0
32
1
0
0
0
8487
0
0
0
41
17
0
0
31497
617
14023
0
13120
0
0
2620
1681
0
1519
0
2472
1219
524
0
0
0
4385
0
0
0
1173
2173
12
57
0
0
4
0
1
0
0
0
11450
0
0
726
38
0
2
0
0
15
3
0
1
0
0
0
5509
0
2534
0
0
0
11638
0
0
1692
3
0
1
0
0
0
6251
0
6189
13
0
0
29
36
1
0
0
0
12414
0
229
0
0
0
60
0
0
0
36
0
0
0
822
0
172
0
5278
0
0
0
62
0
0
69
1
0
0
0
11
0
228
0
1
0
0
0
22514
3924
23
0
1
0
0
0
24
0
0
0
390
0
0
0
393
33
0
0
80
0
1073
526
962
0
0
0
2
0
0
6109
4
0
0
28
0
0
33
19
1
0
0
0
38878
4
0
1
0
0
0
8723
18240
1
0
0
0
15
0
9081
104
0
2644
281
0
0
38
0
0
29
0
0
1901
1322
1
0
0
0
90
11
0
0
69
0
1
0
0
0
21171
253
1
0
0
0
894
5
0
2636
503
0
0
0
9
0
1323
0
1
0
0
0
16909
3
0
0
9750
0
2
0
0
101
0
0
1
0
0
0
3275
8
1
0
0
0
12
3
0
1
0
0
0
210
188
0
0
0
35
0
0
25
10
0
0
0
155
0
29192
94
1
0
0
0
15
3209
14
0
2
0
0
3465
1
0
0
0
13893
1
0
0
0
78
0
9503
1
0
0
0
7139
0
0
0
39
1901
0
27
31
0
1
0
0
0
12287
2533
1
0
0
0
2551
0
0
15
505
0
1
0
0
0
2842
20668
7
0
3154
0
11
0
168
0
0
0
14834
0
2814
18
0
0
0
18214
1
0
0
0
2694
7
0
0
147
42
1
0
0
0
12233
0
0
2196
58
0
80
0
1
0
0
0
1
0
0
0
765
3551
1
0
0
0
1520
0
19099
0
0
0
1060
4
0
0
111
0
1741
1194
3
0
0
1241
440
7727
0
0
2140
0
16241
0
9538
0
0
5159
63
0
0
0
7
0
29
0
4
0
1
0
0
0
853
1194
215
0
0
0
2
0
0
295
0
0
1
0
0
0
17
4533
0
5064
0
0
7
4716
0
0
168
0
0
0
1
0
0
0
206
0
0
148
0
1777
1
0
0
0
16
420
1
0
0
0
201
0
0
19
56
0
571
34
0
0
1670
3
0
3
0
0
9
0
1
0
0
0
5440
4135
1
0
0
0
571
0
0
105
4
0
56495
24886
6
0
2014
0
70
0
0
0
263
2
0
0
130
0
0
0
4
0
0
140
1
0
0
0
70
339
452
0
1
0
0
0
11799
0
0
0
23
4
0
0
332
4720
1
0
0
0
8
4559
1
0
0
0
21
0
1
0
0
0
1
0
0
0
55053
116
0
45
0
0
17
15
0
0
76
0
53
0
18
0
0
0
151
1
0
0
0
4406
4668
0
13538
0
0
0
7869
0
0
0
23
63
0
10545
5
0
4119
1
0
0
0
28
74
0
0
0
61
176
0
0
3
0
0
10377
1
0
0
0
6384
0
0
0
10
0
0
0
8
0
46
0
73
0
0
0
41
0
573
12
1
0
0
0
9
0
740
3344
7
6
0
0
2
0
0
2327
3629
0
0
40758
5748
0
0
0
420
1
0
0
0
144
0
26
0
0
121
214
6
44
0
0
70
0
0
0
27
0
0
18
0
707
1230
0
1
0
0
0
4072
7
1
0
0
0
470
0
2008
0
0
0
95
0
0
0
796
124
0
20
0
0
7385
316
7793
30
0
0
6
18
0
3
0
0
1
0
0
0
81
0
1
0
0
0
3174
12
1
0
0
0
152
0
25
0
0
0
496
0
0
65102
0
147
1
0
0
0
7
3
0
0
238
0
544
0
1107
155
3
0
175
0
68
0
35
0
101
0
0
0
1936
6533
0
1
0
0
0
677
1
0
0
0
7
0
14
0
17
6
0
1
0
0
0
19
0
2
0
0
2
0
0
24591
0
0
171
29
0
0
11952
15
1
0
0
0
85
64
0
0
2
0
0
31751
1
0
0
0
9937
4
0
0
186
0
13548
688
0
0
64
0
1
0
0
0
2398
0
0
1110
0
0
2165
48
0
0
3838
0
0
13
0
0
24972
0
9
125
0
0
45
47
0
0
0
6218
1
0
0
0
9052
38
1
0
0
0
13
0
0
481
0
0
1663
1
0
0
0
14492
2
0
0
3500
190
9
0
3
0
0
4369
0
36
1
0
0
0
15591
0
23
0
0
62
0
29
10
0
33
1
0
0
0
4
0
1
0
0
0
298
0
47
0
3557
0
26
0
0
0
95
7
0
65
89
0
80057
0
1
0
0
0
618
0
1
0
0
0
991
0
8209
0
41
0
1
0
0
0
36
0
0
11246
0
0
226
256
433
0
3
0
0
27
11
0
7
0
2
0
0
45
0
47
0
23
0
0
0
3
0
1
0
0
0
3497
4
0
0
13291
0
295
34
0
761
260
1
0
0
0
55
23
0
10
2
0
0
1004
1
0
0
0
405
0
0
0
1082
0
9
1
0
0
0
11351
1
0
0
0
6844
1
0
0
0
71
0
0
2977
0
3438
0
1
0
0
0
5504
4
0
0
38700
0
461
0
0
5
0
0
5157
19033
0
0
632
661
0
3
0
0
86
505
1
0
0
0
1442
0
940
0
3825
0
0
3337
0
0
33
0
1
0
0
0
8
6141
0
972
14
0
99
0
13
0
1251
1231
1
0
0
0
5
7
0
0
49
0
0
0
2180
0
0
0
28
8259
0
0
103
0
0
11
0
0
92
0
1
0
0
0
4708
3
0
1
0
0
0
12929
377
0
27
0
0
5
0
0
18026
20
8
0
11558
6245
1001
0
12
84
0
0
200
0
3
0
1
0
0
0
117
0
31
0
1
0
0
0
20
358
3
0
1
0
0
0
18637
0
28
0
46
1
0
0
0
844
0
0
192
0
15
1510
80
0
0
0
2
0
0
20
6
0
1
0
0
0
335
54
270
3
0
0
1
0
0
0
13
0
1141
0
253
3145
0
3644
0
1
0
0
0
11920
7
0
992
0
1114
8
0
0
73
0
12593
17854
1
0
0
0
1
0
0
0
3976
0
1
0
0
0
3832
0
3
0
1
0
0
0
8806
0
45363
0
743
0
0
0
7183
13
55
15
0
0
6
0
2526
6095
0
0
27
101
18
0
0
0
4
0
25
0
57
0
1
0
0
0
463
393
14619
0
0
0
3997
0
1133
0
0
0
1
0
0
0
12082
7350
320
0
0
0
2402
0
1
0
0
0
16145
19
0
0
2531
0
10
0
8
0
0
16
0
0
10
0
0
186
9725
7377
0
0
0
3469
2250
0
0
0
2935
5
0
0
6
0
22
3
0
0
131
7
0
9
0
0
11240
1538
2532
10
0
0
1
0
0
0
4052
928
1
0
0
0
97
3
0
0
4
0
480
71
1
0
0
0
2
0
0
802
39
1006
41
0
3
0
0
14
1
0
0
0
39
6
1
0
0
0
17
4
0
0
18
0
1
0
0
0
10656
11072
45966
0
3317
0
0
5027
1
0
0
0
190
0
0
9
0
199
0
5
0
0
2034
166
1
0
0
0
1513
0
0
20333
0
0
1
0
0
0
1009
0
102
9971
0
0
2843
13
3
0
1
0
0
0
1
0
0
0
3631
0
177
1632
0
0
15388
0
0
0
1667
38
0
13789
2164
0
76
0
0
20
0
0
0
9
0
0
58
2283
22
1
0
0
0
20
1
0
0
0
23
9217
0
0
1261
9641
0
0
79
0
15047
11930
605
18
0
0
45
0
1
0
0
0
50
0
313
0
1646
0
65
0
3
0
0
734
0
1
0
0
0
1052
34
0
1
0
0
0
15241
20
0
0
48
157
0
20
6
3
0
0
7188
0
4
0
1
0
0
0
29
1667
0
0
14
0
808
8
0
0
76
105
1
0
0
0
15
0
0
4376
0
0
49651
46327
242
8
0
0
36
17
0
0
3739
134
39
0
0
0
6
0
1
0
0
0
3903
936
0
0
411
0
1
0
0
0
1896
595
4809
111
0
0
34
745
1
0
0
0
30286
0
0
2430
0
0
0
8617
0
86
0
0
1
0
0
0
6564
37
0
0
1635
0
6
202
0
3250
3
0
0
205
0
0
76
0
1
0
0
0
352
0
336
1
0
0
0
20
0
6897
0
0
71
3
0
0
138
0
14
0
0
0
4
0
1
0
0
0
1203
0
3423
5943
9301
0
1910
22293
1403
0
423
0
3948
0
